Actual,Predicted
7,6.07447132158318
28,28.865173744977756
34,36.47807314295544
65,40.00212932411087
24,23.64670122037458
44,47.66874736208504
69,66.37857716103728
36,51.348476165810595
12,11.16677331858359
51,45.03609832388063
44,47.704618852438024
14,12.42784042507521
46,49.68727163669125
50,49.10619732360217
4,2.0253517328248907
18,18.930172107653853
16,16.8744975416683
12,13.634764175056622
27,26.932931754686102
31,28.014276419023968
7,6.07447132158318
15,15.612078053969991
38,41.18106839323273
25,25.508619399453384
17,17.092098587767303
16,17.827074067031997
21,23.242857682607134
31,30.667171027770557
14,15.31510206214054
54,44.0543543515105
29,30.05223693251002
7,8.507298036583753
48,46.85228992268246
30,34.917428762851586
11,15.536463092196774
32,30.867723295481323
6,7.552129897893815
6,7.613611229346239
17,17.827074067031997
24,24.052509747369232
4,4.970166696757053
51,66.14416080734586
90,66.37857716103728
35,38.88599919033624
17,18.746807438840378
16,16.791501100929043
21,19.19057929636355
30,31.788119132734625
10,8.499189478475195
6,4.651899675608032
30,30.05223693251002
7,3.7209817762209596
18,17.72529421781076
22,20.40371385644044
5,3.536422722165296
13,12.616152516948349
8,8.436691894809616
26,33.71805362068988
24,23.376020091863587
35,44.92498321849977
14,15.504216322314818
1,2.7691836612454597
13,14.039221196273456
15,15.171230399252774
40,36.16863850770172
49,44.65544080548336
38,42.28619983046822
87,66.37857716103728
34,34.065100110080444
37,34.75233588890622
15,14.814418135719162
41,40.17662488423683
35,34.95469938968031
29,29.449461903824083
20,22.647829715345544
42,38.65490368188943
6,5.3567592630489225
45,65.35429993657681
7,4.49698624349182
37,45.340349240590946
23,25.508619399453384
30,34.917428762851586
28,28.98945462484239
48,45.392234732549596
6,6.07447132158318
15,17.586340724796486
16,16.8744975416683
32,33.79486808754898
34,34.792645178049206
39,38.45857767603366
31,20.613718019890577
18,16.31421743256002
29,30.61314984489299
8,8.495330065286577
13,14.320888699914718
14,17.586340724796486
19,23.05070116036052
9,10.380229323954481
24,24.20722875226292
53,50.60112021564729
30,30.290546767636226
8,6.07447132158318
36,32.691142233738205
4,3.680511982864405
25,26.819528567907092
15,14.814418135719162
21,22.52802333213159
33,30.290546767636226
6,6.172236337539728
21,20.613718019890577
33,33.56546679021727
45,41.49273397605547
29,26.67623947203203
39,38.88599919033624
3,3.061880918748474
22,22.320996245632166
44,45.62994617080152
46,51.30079331080998
33,30.946749818053814
35,38.88599919033624
24,22.647829715345544
41,43.67270135815922
12,10.542453382480483
26,32.11500047160517
30,31.15480180685079
29,31.070271435054302
35,29.753877475452185
66,66.14416080734586
39,36.16795636307184
20,17.31651565187961
18,15.423560477059421
44,42.57498300232691
57,59.88848140567677
2,3.285947211289694
7,7.705304044557616
13,12.48420899749247
21,22.548663147755697
5,4.651899675608032
34,30.25512481943283
38,39.86013223672341
23,23.67921438597573
25,24.828243009420596
46,47.27673549203525
26,29.417882001211563
14,15.821464222212853
17,17.827074067031997
39,40.497660233367824
39,47.67130066501231
72,66.07329075835335
34,33.29729951759269
56,45.340349240590946
37,34.82764524309713
85,66.37857716103728
26,28.407872788703013
28,32.3749947170087
22,23.376020091863587
50,66.14416080734586
7,6.07447132158318
18,17.827074067031997
16,14.103900914631899
36,38.372574679875406
50,49.715263604562736
30,30.290546767636226
23,21.720591910120945
12,10.987554827964068
19,20.46897335747283
8,5.9903025394993525
52,51.155710661330076
28,29.342285097740433
18,17.827074067031997
13,15.415614085624734
21,32.75013342181964
52,60.801003409035374
49,49.715263604562736
43,47.86086298629443
1,3.167108404974741
16,15.696709131967586
33,30.23650601080529
6,4.848636403644986
3,4.606469772603159
21,23.376020091863587
30,27.317462044600045
27,27.60328603292536
40,38.82275938724201
19,17.76935278370703
22,22.59049916289451
16,18.081429767759566
10,9.779717047828743
43,39.6324622280635
58,59.88848140567677
73,66.37857716103728
18,18.696952610774744
10,8.495330065286577
21,21.129754884218634
76,62.61872291129562
28,40.473106414810665
34,34.403775812475835
43,36.747659217992336
16,17.61965494125846
0,3.2285517023591743
20,17.827074067031997
5,4.130080454754446
29,26.982779801218108
51,51.61394555069389
52,66.07329075835335
9,10.900294404048505
30,30.833332624533625
32,31.52734503900563
30,34.09543797510065
16,14.313924708032783
56,49.68727163669125
11,11.959537007487024
26,25.36841393498299
50,52.99429626090417
15,16.8744975416683
77,66.14416080734586
52,36.60830917609454
2,4.130080454754446
18,18.712652390371723
49,43.20360805861039
8,8.499189478475195
14,15.179490360695812
31,35.58743561629169
14,14.320888699914718
30,31.062841254230126
47,43.38917750807146
6,4.274268634007372
74,62.19768248224899
17,21.985778208901635
25,29.35314069738352
7,6.07447132158318
17,17.31651565187961
42,49.715263604562736
21,18.352221393195542
5,3.347526977209662
36,37.41064552717738
31,31.008422635376565
18,17.76935278370703
43,43.59712236697939
39,38.65490368188943
3,5.2773860022957635
13,12.792489889716382
14,13.634764175056622
14,15.390536844749235
25,27.906607941039102
14,12.168417382444124
18,16.87400469966272
28,29.096631430926045
2,3.408844270255892
42,36.927136018789426
42,42.49547515549583
48,44.31177899636212
23,25.355190731955
37,49.68727163669125
38,37.801486473656226
18,20.442301225226718
2,4.130080454754446
25,21.063248276313296
3,3.583802276195633
3,6.07447132158318
6,7.552129897893815
55,52.600316741719396
14,13.832058645212442
20,20.415544833065816
53,40.18743935995317
57,52.99429626090417
14,15.20175148104234
20,18.242175711283217
3,3.5728439481646754
23,20.73798410807114
25,27.402340124766646
29,29.35314069738352
34,34.82764524309713
29,25.508619399453384
40,36.30103224580315
3,3.5728439481646754
70,62.61872291129562
68,62.61872291129562
8,8.436691894809616
42,39.67949543308339
32,30.557576753066865
39,37.49832573310713
10,8.495330065286577
44,42.57498300232691
46,50.2673210235458
15,15.423560477059421
38,42.43282125159937
44,47.037861758254294
25,26.41832817883602
32,38.82275938724201
112,66.14416080734586
22,23.510256485661785
13,13.535022238365041
12,12.973725389372849
66,52.6203259110708
74,65.83887440466192
52,51.15539857396787
17,18.930172107653853
19,20.234773706305255
48,52.99429626090417
33,34.82764524309713
30,31.52734503900563
31,31.855720001068057
9,8.495330065286577
11,11.243537659410258
14,13.625105976651815
67,55.11917288823444
32,31.062841254230126
20,17.086672899678472
8,8.495330065286577
22,22.01991874316412
11,12.615301321344429
44,50.98060182107381
31,33.86016210164045
16,14.320888699914718
37,37.48994859106582
6,5.68882572966373
53,46.92182040907211
12,11.566765054217258
30,32.05942630940213
36,36.60830917609454
39,40.83142257022372
37,37.41064552717738
7,6.526244641639876
17,17.61965494125846
19,19.111340408735607
46,34.05888924848775
23,26.310659700851154
42,66.14416080734586
60,56.205438008976465
22,24.01416215452798
12,12.107080071106813
20,22.320996245632166
19,17.902337072910093
38,36.60830917609454
48,45.31350855989204
5,6.0056072492345915
27,29.81743151288951
6,6.07447132158318
19,21.60054312958178
62,61.52416797909668
2,3.842461419516689
8,8.398295065680735
37,37.9607175431332
28,25.88100686299908
38,61.03541976272682
48,46.53826160754613
19,19.46403145370732
47,36.3252073421926
18,15.390536844749235
34,36.29222577814295
17,14.705935467185537
47,45.340349240590946
34,32.45362021597909
1,2.906798898828035
48,60.801003409035374
30,30.72723504447753
44,38.09231796353803
5,5.12491921916998
45,41.49273397605547
25,30.61314984489299
13,13.552486929032767
7,6.934821608411502
20,22.656523343115893
18,20.309331033977983
28,31.882843138458185
21,22.548663147755697
25,28.014276419023968
34,39.43234566553245
3,3.3225770986577587
20,24.844544200481113
17,18.188594881403496
28,31.873023303108873
22,21.518435943494474
57,66.14416080734586
28,30.61314984489299
14,13.927032997517799
9,11.8371664563273
32,32.691142233738205
4,4.651899675608032
14,15.248473336479687
13,13.797313779613877
41,40.46031412282197
53,44.43873543136012
46,43.67270135815922
27,27.360240084574354
29,31.55493948647026
29,26.41832817883602
6,6.0056072492345915
25,23.570345297522472
24,25.611316192456297
49,47.14574905803534
21,22.647829715345544
24,22.238265255289942
20,17.74644992198103
31,29.464601039991475
37,36.29222577814295
22,22.238265255289942
20,22.656523343115893
19,18.450723797017915
25,23.352480785983122
5,3.5728439481646754
20,20.697819681163157
55,56.03849540665436
33,34.05888924848775
21,26.793236307241642
12,13.508417004439542
8,8.499189478475195
11,12.060280490122603
30,35.00763798368987
26,27.137983285636817
22,23.31928314598698
2,4.274268634007372
23,23.824518451963442
19,20.163506081398488
10,9.224475018842211
16,12.054855498167713
15,14.103900914631899
26,26.310659700851154
5,4.469640948084706
40,32.81582309958296
13,12.07763785784698
45,41.04111200094476
44,36.29222577814295
8,8.383671993198726
8,8.394344022985267
12,12.615964864416362
26,25.88100686299908
15,15.504216322314818
77,64.77136380230354
5,5.12491921916998
22,20.508399005205053
36,34.82764524309713
34,36.3252073421926
7,7.465511328213639
8,9.727718848008761
28,27.906607941039102
58,59.63815787492765
38,43.406109905670846
25,23.570345297522472
10,10.704594461444795
51,46.658671431235
18,16.31421743256002
25,26.349999979137095
23,18.326350252680506
32,25.598057633140996
51,28.972350551061407
33,30.845329093116355
23,27.137983285636817
48,49.80149975342486
37,39.09056778642487
20,20.828470923137782
26,29.456443391099686
53,47.01497680380071
73,66.39306002186075
11,10.497906803028773
34,31.86113380113711
10,13.535022238365041
67,62.19768248224899
34,32.40554557583503
71,36.894377559597324
10,8.495330065286577
18,20.613718019890577
4,5.685009820877562
8,9.546621742436134
8,8.902198041294003
12,14.560808456925482
11,12.517587035630141
14,12.615964864416362
30,24.110263616549396
45,51.44635793777826
32,29.103342602798215
1,3.5728439481646754
9,7.705304044557616
19,21.111707441224993
16,16.873532027120657
61,50.60112021564729
23,25.355190731955
25,24.184684175152366
29,26.079308673252108
15,14.103900914631899
50,47.14574905803534
13,16.873532027120657
21,20.442301225226718
24,26.310659700851154
3,3.360976750765881
24,24.782796171623172
29,28.9586088658502
68,56.955102522878505
20,22.59049916289451
28,29.817137315842082
4,3.5728439481646754
24,25.508619399453384
21,17.827074067031997
29,30.946749818053814
21,19.552664643532985
59,59.63815787492765
19,20.001109365685988
14,14.29551045901359
37,34.46053805054555
23,23.376020091863587
16,16.513110683525248
22,21.70505047260279
47,47.265727453912085
9,6.539631257422506
32,26.657201819010783
7,7.613611229346239
8,8.805104303572321
22,31.89362505475153
17,16.00814986782965
9,11.294229636535103
13,18.081429767759566
14,15.248473336479687
4,4.49698624349182
39,43.383044883667175
17,16.513110683525248
6,6.07447132158318
26,26.416894958008918
33,31.52734503900563
55,47.95914282977591
29,29.35314069738352
53,52.89835898504053
13,15.415614085624734
12,12.168417382444124
19,19.552664643532985
25,23.853054943592287
49,49.12913630227611
29,36.29222577814295
38,37.801486473656226
37,34.659265197392855
7,8.16973154796518
12,12.168417382444124
43,49.68727163669125
51,59.63815787492765
8,6.07447132158318
7,8.279292591883083
40,51.348476165810595
50,53.74849101617325
18,20.051011863170583
33,31.52734503900563
45,45.17320210627061
19,18.712652390371723
38,38.88599919033624
7,8.16973154796518
26,27.013769601288697
60,60.56574886566493
3,3.7780675518765205
34,36.249900960712296
6,6.07447132158318
7,7.552129897893815
9,10.786687305049245
25,31.062841254230126
54,48.240908351507734
45,66.37857716103728
51,65.83887440466192
53,56.62697647051493
33,35.345513827088276
58,62.07986514204955
22,22.74696437985943
23,31.062841254230126
35,59.691381203776544
33,32.385552305069425
36,36.6678054183075
49,44.71441267072529
3,3.347526977209662
29,29.096631430926045
8,8.495330065286577
17,17.827074067031997
12,11.343444478286635
6,7.552129897893815
7,7.552129897893815
12,12.615964864416362
15,26.008087519568686
29,25.275887991627922
18,18.82898991499096
14,15.248473336479687
19,20.480747828641846
41,40.60688924721128
7,8.16973154796518
35,28.33774744382462
41,40.961905881107626
45,48.7814616861084
58,49.68727163669125
8,4.49698624349182
8,8.499189478475195
38,31.52734503900563
25,25.693179376802213
9,10.380229323954481
13,12.615964864416362
15,16.34854723354292
41,43.15194890345857
26,25.508619399453384
28,26.657201819010783
19,18.712652390371723
10,10.231165351932246
35,33.172608372902076
41,39.00806942308431
3,4.49698624349182
12,12.061164687991196
44,49.715263604562736
15,13.717727988557247
31,29.35314069738352
14,14.611129810478431
37,36.29222577814295
30,29.096631430926045
16,18.2276048916474
25,26.310659700851154
20,17.409548052619126
17,17.61965494125846
44,42.80899712542618
14,14.320888699914718
11,16.148180537561817
50,45.68140246819546
57,52.802955215092894
7,8.381263122668516
9,8.495330065286577
43,41.44515446409116
6,55.98160528197293
1,4.443374132085424
44,44.30433099994087
31,42.59748325604842
26,21.924924574676727
22,25.380448242954696
14,15.248473336479687
16,15.612078053969991
43,41.44515446409116
31,33.29729951759269
2,4.651899675608032
37,38.82275938724201
11,11.85851408379966
40,44.65544080548336
4,4.49698624349182
16,13.927032997517799
34,32.691142233738205
17,19.552664643532985
8,10.778025572344593
8,8.16973154796518
4,4.130080454754446
18,17.72529421781076
27,28.522783399398588
34,33.6471467002338
8,7.544535559370944
15,15.612078053969991
53,54.60989934270948
3,4.6095411906600265
13,12.019734686217463
25,26.720454687548077
7,6.747140084188011
34,35.44278419531931
5,5.425189387861418
14,10.76447677011097
9,8.495330065286577
34,38.378517292360804
25,25.508619399453384
14,13.552486929032767
25,28.572498408981108
52,52.6203259110708
5,4.49698624349182
35,34.82764524309713
45,43.25155411428212
19,17.97677190948057
61,50.60112021564729
68,66.37857716103728
17,17.295123892407553
20,20.415544833065816
20,22.826275275830127
44,40.07611829824226
9,8.936909644086171
29,28.193749844011695
14,14.611129810478431
11,10.87394772896481
20,15.612078053969991
28,25.70892220060993
33,33.118455045163756
42,40.00212932411087
24,23.16882501713072
3,4.430060121351749
60,59.63815787492765
20,21.957351063738354
25,24.435811071387963
42,49.715263604562736
46,47.65210402346241
76,66.57186420785976
23,24.379560029066557
44,49.715263604562736
22,22.238265255289942
20,15.352121686244638
53,43.20360805861039
32,33.599628927898436
40,45.26377472285895
30,25.09593147269574
54,66.14416080734586
19,20.051011863170583
6,4.49698624349182
41,48.267853244747734
58,55.63264972038654
55,42.28619983046822
2,4.49698624349182
8,6.0056072492345915
17,18.24330467124438
24,22.77632972632985
30,42.49547515549583
6,6.012695412392418
35,39.59140844286908
10,9.779717047828743
18,20.520464390789005
34,42.43282125159937
25,25.508619399453384
55,53.176804928239065
8,8.499189478475195
1,3.5728439481646754
31,28.77375198274969
62,61.52416797909668
13,11.881424793945543
41,42.22908938899943
19,19.46403145370732
12,11.566765054217258
17,16.03561576445353
71,52.89835898504053
41,41.73310868802323
13,13.552486929032767
15,16.34854723354292
31,29.81743151288951
7,9.326721237313661
3,4.49698624349182
10,8.923140587576174
24,24.487804557880036
24,28.572498408981108
28,27.683128003753552
22,25.508619399453384
8,6.07447132158318
14,14.143494405716174
19,19.664281242352065
6,4.606469772603159
7,6.616238476372675
12,15.525398293033092
73,66.37857716103728
28,33.6471467002338
12,12.615964864416362
31,49.715263604562736
40,37.61435518468802
30,34.487001613197975
40,42.85241392346574
13,12.615964864416362
69,62.38158195780811
40,37.41064552717738
27,32.07483566610325
53,57.534844861245176
57,56.03849540665436
76,66.14416080734586
5,4.651899675608032
10,9.596333772041055
25,21.518397313269496
41,35.32973747613332
62,55.63264972038654
6,4.49698624349182
47,59.63815787492765
6,4.565464784439683
11,10.444696548384053
34,34.164106118019184
12,15.96003971942111
32,31.446681251403128
51,66.14416080734586
51,50.60112021564729
41,42.69785813207702
69,42.39858185917271
18,19.054419445344852
30,29.096631430926045
10,9.83838046597552
37,42.039527067717316
39,40.785966170288205
9,8.16973154796518
22,22.77632972632985
44,34.94432630927249
57,38.631071548582675
21,21.74488170126231
48,45.509867798723675
24,26.038333667937952
45,55.893066586211454
6,7.2252482141218355
7,9.681960213732314
14,12.168417382444124
30,28.70445918467314
38,33.172608372902076
9,10.900294404048505
25,24.791050386564876
10,9.339231698296869
12,12.119842293763726
62,57.534844861245176
33,30.946749818053814
30,30.833332624533625
58,57.27448821901616
14,17.153895343828843
68,36.03859524501458
37,31.51470770653978
44,44.60858191665119
11,10.778025572344593
27,24.698476612344333
31,33.118455045163756
22,23.322338237441148
21,21.957351063738354
74,66.39306002186075
27,28.050932520526043
18,17.61965494125846
28,27.06764077395469
7,8.16973154796518
29,33.86016210164045
32,31.96877331611309
22,22.875464390843735
6,6.07447132158318
31,31.639117362151705
41,40.497660233367824
2,3.5728439481646754
45,43.18329571710365
21,20.415544833065816
22,22.875464390843735
29,32.34644340989544
50,44.24235148710482
18,19.8784525010126
56,46.819560572190106
10,8.220821716302982
58,60.225571339110786
47,42.80899712542618
22,23.570345297522472
22,20.613718019890577
24,23.570345297522472
30,33.2107064201973
12,10.425987958230928
21,18.712652390371723
21,23.403640176433974
25,25.88100686299908
15,12.019734686217463
31,26.008087519568686
45,44.09480314628518
13,13.506571545917149
14,14.139357281559239
10,10.380229323954481
37,42.22908938899943
19,18.930172107653853
51,42.605265262826244
14,13.552486929032767
21,18.712652390371723
16,14.082894282749416
38,32.88348907725061
37,33.86300256705743
17,16.545638742786664
19,22.219373546941064
22,24.420134560336493
8,8.495330065286577
15,17.010067661575686
30,31.070271435054302
40,42.22908938899943
28,29.471885971906524
23,22.875464390843735
16,17.827074067031997
7,6.07447132158318
34,31.586551864405983
19,18.081429767759566
49,42.605265262826244
6,5.2773860022957635
43,45.694563109214485
10,12.997946359660228
15,19.69046245087167
24,23.541395782313927
35,40.01890102642734
30,42.999876196010455
7,7.243867363757884
13,13.74542230472153
10,10.987554827964068
13,13.552486929032767
27,32.42989330105306
6,8.16973154796518
20,22.109765244305642
13,12.956415616940655
5,4.651899675608032
35,34.21407575163148
10,8.935579006123486
9,8.499189478475195
20,20.480747828641846
76,66.39306002186075
8,8.436691894809616
14,15.31510206214054
30,38.82275938724201
32,32.691142233738205
14,15.612078053969991
30,29.759115333392447
17,18.24330467124438
36,33.05545217070148
31,31.279408834220526
8,7.705304044557616
21,20.40712969282685
9,8.495330065286577
17,18.712652390371723
24,22.74696437985943
26,36.265677311667254
46,57.86373699474889
29,29.128642434911626
22,20.470502817324085
27,25.69548163202282
19,20.730119806984558
73,65.83887440466192
27,33.066521224782306
24,30.61314984489299
32,45.47835118202367
33,57.41410093651821
38,35.52416190881669
31,31.194519349708553
36,35.90616822731326
48,49.91249501480368
28,32.91244444811693
13,16.8744975416683
26,26.657201819010783
32,27.164019328306473
18,17.092098587767303
30,28.70445918467314
74,65.83887440466192
21,22.647829715345544
7,8.495330065286577
23,24.15384138596817
35,40.07611829824226
15,17.61965494125846
19,24.64754941523371
18,18.712652390371723
13,13.3948673340841
45,45.03609832388063
37,37.32748489352279
20,18.712652390371723
21,20.339693264028444
18,17.092098587767303
46,42.43282125159937
57,55.02109298720147
18,18.63524719849813
12,12.615964864416362
10,10.380229323954481
17,15.831280403207979
29,33.86016210164045
23,35.58743561629169
9,10.900294404048505
11,11.877379259463984
10,10.31529619083294
74,62.61872291129562
23,18.712652390371723
12,10.425987958230928
46,43.67270135815922
73,66.37857716103728
3,2.693760204709402
65,61.898962802329
25,25.611316192456297
16,14.4760927149844
39,36.03859524501458
37,37.68512089449988
46,35.69870230522705
53,53.324766488112665
38,35.32973747613332
25,23.570345297522472
23,23.67848187706193
24,23.86931169671565
20,20.22541703437302
40,44.0543543515105
7,6.07447132158318
27,25.722523134596013
33,31.278249701398643
43,40.07611829824226
25,19.870900451643564
13,13.226707436481282
65,51.348476165810595
36,36.60830917609454
18,19.46403145370732
6,5.197779854195249
16,15.612078053969991
17,16.95652846785992
28,28.71819077033748
22,21.81229831226221
42,41.2047828863742
14,14.797867356553985
5,4.555335632423545
23,25.28390076356548
48,48.799001401999845
61,53.324766488112665
58,58.55827715236459
47,48.89166509875374
19,20.40712969282685
57,54.62464547736903
20,22.82221928062788
22,20.83628077422682
4,5.197779854195249
52,52.600316741719396
70,65.35429993657681
14,14.560808456925482
18,17.611959519848604
8,10.338913782406753
30,28.973680978731046
27,23.597724923849206
61,61.52416797909668
12,12.168417382444124
13,11.795338512966813
20,18.330513006731202
16,15.20175148104234
8,8.499189478475195
63,55.462032122121016
22,20.698526803897852
33,33.203971599916294
41,32.02999128794228
30,30.012914042287683
40,35.51103435792887
35,32.73030422420562
11,10.837741958343319
37,34.917428762851586
44,36.03859524501458
35,28.861347945056327
32,31.20702644964512
20,19.090934047136173
30,25.108693758993716
19,20.163506081398488
52,65.83887440466192
53,56.205438008976465
12,12.669861358751026
18,20.613718019890577
9,7.552129897893815
17,18.63524719849813
8,8.499189478475195
19,21.060120279473576
59,60.267029185744946
6,4.274268634007372
21,22.52802333213159
41,35.98017514906605
41,42.35722082750009
30,31.059751638792555
46,43.614510240745716
23,22.875464390843735
4,4.49698624349182
32,28.324027693680158
11,11.837442132208512
31,26.657201819010783
11,8.495330065286577
63,59.63815787492765
15,17.092098587767303
54,54.28560779869882
22,22.420163136771396
10,9.976773118501931
41,40.497660233367824
10,12.060280490122603
18,16.32646243139638
3,3.431258644512858
8,7.2252482141218355
40,42.80899712542618
15,15.415614085624734
15,15.20175148104234
21,21.957351063738354
8,10.373989758410946
14,15.821464222212853
17,17.092098587767303
16,14.497876390915156
32,32.691142233738205
27,26.04169168958173
19,21.858216399224467
50,48.799001401999845
8,4.49698624349182
24,25.11136567907011
18,20.22541703437302
8,8.499189478475195
2,4.49698624349182
28,26.079308673252108
8,8.499189478475195
11,12.054855498167713
18,17.827074067031997
23,24.47243497197261
13,13.625105976651815
15,18.712652390371723
15,14.831768140082843
17,17.987437571823293
20,18.696952610774744
20,17.827074067031997
28,26.470261966770558
25,24.88549296462609
10,10.425987958230928
6,8.500698661254475
21,21.782829079731425
17,17.409548052619126
49,49.715263604562736
60,62.74106547559818
17,17.947812221710315
29,33.86016210164045
22,25.09593147269574
12,10.396673136368767
14,15.671266794415022
30,33.99384312880523
6,4.49698624349182
12,11.99378120347446
26,27.906607941039102
37,37.70471067570435
19,20.520464390789005
22,24.971292149658346
25,28.368564017964427
3,4.49698624349182
9,8.16973154796518
24,22.875464390843735
36,42.16784784612284
54,50.27546163939288
81,66.1580582002138
41,41.73310868802323
39,49.715263604562736
36,37.30482890076462
17,18.446409379419546
51,50.19556047906573
42,52.63288960015724
27,23.48979181308589
20,19.584475209114814
14,14.320888699914718
5,6.07447132158318
14,10.677402594286797
51,42.31600251611924
34,32.92185630413625
73,59.031599597061565
46,48.7814616861084
6,4.257684029646497
36,34.50824248231281
71,66.37857716103728
15,18.10827500725712
27,25.611316192456297
27,26.4467006260804
56,53.324766488112665
25,25.70892220060993
51,50.45625065657202
34,39.65253597549499
44,48.40735856238854
13,13.625105976651815
32,38.82275938724201
15,15.78105100182338
38,35.19539149928223
31,26.038333667937952
7,6.07447132158318
24,24.68816948000883
12,10.987554827964068
23,23.570345297522472
18,17.61965494125846
38,40.60688924721128
4,4.49698624349182
13,12.107080071106813
5,4.651899675608032
27,28.300695982619363
20,39.82202454934561
22,22.548663147755697
19,16.117519639155763
26,26.310659700851154
60,52.89835898504053
41,39.09056778642487
86,66.37857716103728
17,20.442301225226718
2,3.5728439481646754
4,4.257684029646497
9,8.16973154796518
27,26.079308673252108
52,53.74849101617325
45,47.37962295545812
11,11.881424793945543
28,28.85827724930333
44,59.63815787492765
31,29.579062777990174
14,12.163824955500756
5,7.705304044557616
53,57.534844861245176
22,21.474622088835684
39,36.32269947455585
39,40.38066110646531
9,8.495330065286577
7,6.07447132158318
19,19.552664643532985
19,20.470502817324085
42,40.46031412282197
30,30.20074600558908
26,22.77632972632985
26,24.971292149658346
35,37.144772364883465
63,66.37857716103728
27,25.614854656611147
23,23.824518451963442
40,37.98900768685819
36,35.88118837657873
20,19.19627879615436
57,50.45625065657202
17,20.613718019890577
18,20.442301225226718
24,25.718984670441166
14,15.525398293033092
22,22.77632972632985
18,17.351977884642412
22,22.548663147755697
29,27.15342066076128
8,8.67182502498805
24,25.11856118668905
47,46.85228992268246
8,8.499189478475195
12,12.717493705733053
33,33.461558794304665
33,41.694186568084696
16,14.962350057463741
52,50.50665561240089
16,15.612078053969991
8,7.705304044557616
8,8.486974324179405
42,34.32318167723693
14,12.545546308829781
42,36.034862121821234
39,39.922224832061055
4,4.831940556569869
42,29.005887025525272
17,17.827074067031997
10,11.555177401659366
39,42.28619983046822
32,34.05888924848775
26,24.655620439571287
10,10.31529619083294
3,4.49698624349182
43,48.357118103521614
32,31.52734503900563
13,13.506571545917149
22,18.930172107653853
27,27.60328603292536
37,37.48994859106582
16,15.612078053969991
43,36.894377559597324
39,36.29222577814295
18,19.463058444526805
30,27.60328603292536
34,38.82275938724201
28,29.32135522403801
27,30.392864141824862
22,20.520464390789005
85,62.49772943112563
20,17.61965494125846
21,20.454294024831743
14,13.419351354943242
8,8.279292591883083
31,25.82521992759893
35,33.47934794594391
21,21.858216399224467
35,34.217773318237406
36,34.01732338772588
8,8.431202385511728
19,20.517048554402596
18,20.415544833065816
29,30.639068561159156
39,42.11755255152675
17,18.081429767759566
31,31.062841254230126
25,24.01416215452798
37,38.65490368188943
2,4.49698624349182
6,7.091289504522838
8,8.16973154796518
38,38.65490368188943
57,55.2077440764579
35,33.86016210164045
52,52.13885361229349
18,17.590928232277196
31,32.02999128794228
30,35.51103435792887
2,2.9089235169073873
15,13.535022238365041
5,6.0056072492345915
17,16.69417908230957
6,4.49698624349182
43,45.070330809722826
46,50.2151254229679
23,26.28838466219741
40,37.70471067570435
10,8.431202385511728
13,9.562963830722255
16,14.42374109752846
18,17.625925503218962
19,19.6994836569797
64,65.83887440466192
13,13.625105976651815
12,11.339374929414454
60,57.58773197879005
14,15.20175148104234
28,29.32135522403801
10,8.431202385511728
6,7.552129897893815
32,31.52734503900563
12,12.168417382444124
24,23.70971128943873
7,7.705304044557616
23,23.67848187706193
29,32.93953433589628
13,12.032489793273303
49,49.715263604562736
33,31.52734503900563
11,12.032489793273303
21,23.603686670437735
13,13.552486929032767
9,8.936909644086171
51,52.802955215092894
12,12.615964864416362
7,6.314648488679447
11,11.837442132208512
24,25.11136567907011
51,42.28619983046822
13,13.106202938662998
27,30.61314984489299
34,38.88599919033624
71,58.64654560155766
42,47.66874736208504
36,34.43250332641222
27,42.49372842535355
8,8.338805510144054
8,8.464840424059293
15,14.814418135719162
8,8.499189478475195
15,14.139357281559239
29,26.079308673252108
19,20.22541703437302
41,42.999876196010455
32,35.39411864612954
13,13.508417004439542
16,17.76935278370703
26,27.78416526179417
15,15.93844766998373
48,47.01497680380071
35,37.024420822284476
8,7.705304044557616
11,10.542453382480483
11,9.596333772041055
10,10.733942478056793
26,23.760304768309183
19,15.31510206214054
-3,3.5373864020172894
34,33.29729951759269
44,38.79030261805964
48,46.53826160754613
30,29.81743151288951
23,23.376020091863587
33,31.56053664464452
44,42.16784784612284
34,51.348476165810595
11,10.31529619083294
47,57.86373699474889
12,12.107080071106813
8,9.544335572221073
9,11.959323434145965
7,5.660208624374425
34,33.56546679021727
24,24.971292149658346
48,51.348476165810595
42,41.60523599094359
5,5.9214384671507645
20,21.726267251892576
58,58.604748752174636
9,8.495330065286577
44,50.17499083350439
32,33.066521224782306
18,19.8784525010126
19,17.759026403190255
17,17.010067661575686
59,60.225571339110786
16,14.814418135719162
51,53.74849101617325
8,8.279292591883083
4,3.5728439481646754
33,35.11522588438446
39,44.60858191665119
49,49.715263604562736
43,44.65544080548336
34,35.39411864612954
3,5.197779854195249
39,45.09213035282011
53,55.96790682412124
37,36.29222577814295
35,32.691142233738205
19,17.947812221710315
14,13.552486929032767
6,6.749407837517753
28,26.4467006260804
22,19.860884064477784
23,19.787030572771236
15,16.513110683525248
18,17.092098587767303
8,8.499189478475195
77,65.03292448634973
27,23.38771555215059
21,22.046987882206622
32,31.55493948647026
49,49.68727163669125
46,59.63815787492765
22,22.77632972632985
37,39.097941899286965
27,27.317462044600045
50,45.03609832388063
6,4.49698624349182
18,18.712652390371723
76,59.63815787492765
22,20.58948917398145
47,46.300173290416055
14,12.396863612603118
48,48.126888132240865
40,33.24848603416647
7,8.636007688315724
18,23.195281211728073
35,35.85397434206665
56,52.859206892711214
54,55.919885270639746
23,24.15384138596817
69,66.14416080734586
38,43.00415262781853
1,2.693760204709402
28,25.671196939697534
52,52.99429626090417
20,17.76935278370703
5,3.5728439481646754
66,61.898962802329
7,4.49698624349182
15,17.092098587767303
42,43.58043806586974
17,19.162156401647017
65,66.55639138744868
23,24.20722875226292
20,18.081429767759566
13,18.352221393195542
10,13.332579620321132
16,25.11856118668905
3,3.360976750765881
37,38.88599919033624
9,8.495330065286577
31,30.643377240534267
66,65.63365791378344
12,11.881424793945543
6,4.651899675608032
56,49.131068651007844
33,31.423443326747474
22,22.220467778846047
3,4.545064299243351
17,18.712652390371723
11,11.881424793945543
29,27.29553592262448
32,34.792645178049206
38,42.42424489139177
10,12.019734686217463
19,34.46053805054555
3,3.360976750765881
17,18.633472740878226
38,36.14146937908431
24,23.86931169671565
31,33.318864689962574
4,3.5728439481646754
9,10.385990478096513
27,27.906607941039102
12,12.054855498167713
7,6.07447132158318
23,23.678205492882665
63,66.14416080734586
50,54.813239632012014
30,32.38680659513548
42,38.82275938724201
25,24.317497614799333
17,16.873532027120657
17,15.715757398110004
32,27.906607941039102
50,50.2151254229679
50,51.22241348225725
36,42.28619983046822
31,31.636534348926244
57,55.50336478463718
27,28.33262785949998
12,9.93457405365962
25,26.53920891124654
21,22.18387770608519
22,23.48979181308589
44,51.348476165810595
7,6.07447132158318
16,17.76935278370703
18,20.22541703437302
53,48.7974715233796
38,40.785966170288205
30,32.29245682593434
30,30.643377240534267
24,20.62464941010898
29,27.15168135973648
21,21.518435943494474
23,22.135674289260884
43,40.07611829824226
36,39.59609389464187
58,66.14416080734586
60,65.83887440466192
5,4.651899675608032
31,29.32693769665592
9,8.279292591883083
10,11.9995256443055
33,34.101471688171614
52,53.74849101617325
8,9.307770334831064
39,43.1950316984028
42,45.340349240590946
9,7.2252482141218355
17,17.295123892407553
16,15.20175148104234
43,42.80042076521859
57,57.534844861245176
11,10.728609524408032
25,25.88100686299908
53,52.99429626090417
50,43.1950316984028
28,27.26142183899963
53,52.73526139839488
3,4.471912973151513
23,24.88549296462609
72,61.52416797909668
17,17.61965494125846
27,27.617899697713995
42,41.04111200094476
5,6.07447132158318
25,26.118758618907897
54,36.265677311667254
5,4.540149538866406
7,7.552129897893815
13,13.625105976651815
15,22.286855711369682
8,8.936909644086171
12,11.881424793945543
17,18.712652390371723
12,10.760233227469088
31,33.818612263554506
23,22.77632972632985
28,29.81743151288951
8,8.436691894809616
12,13.226707436481282
11,9.952533920725728
33,34.279179086800234
63,61.292404524462924
19,18.930172107653853
12,11.959537007487024
17,17.827074067031997
37,59.906600908315795
13,13.552486929032767
41,38.88599919033624
3,3.227550953628433
12,10.900294404048505
25,24.20722875226292
19,24.844544200481113
43,59.63815787492765
27,23.8670380943776
52,45.47835118202367
70,59.63815787492765
71,46.24724278534988
7,8.16973154796518
30,27.906607941039102
28,30.67784902258258
43,39.760783006469026
24,25.66287473987301
27,32.11500047160517
10,10.650163349384048
33,33.57650697091042
10,9.596333772041055
33,34.05888924848775
37,37.9607175431332
53,44.114790629672264
24,23.79662695706697
13,11.902496745536691
27,27.906607941039102
33,28.69398440335047
22,29.421471819557564
50,45.070330809722826
45,43.51869013703109
41,37.48994859106582
21,19.111340408735607
19,26.902713484010285
11,15.525398293033092
15,15.352121686244638
20,20.520464390789005
26,27.317462044600045
17,33.066521224782306
39,49.715263604562736
9,12.119842293763726
32,33.066521224782306
11,10.542453382480483
9,8.495330065286577
20,15.248473336479687
25,23.79662695706697
3,3.220296946110068
16,17.76935278370703
26,30.779931425631993
19,20.339693264028444
16,20.442301225226718
47,33.90036766922961
28,26.53920891124654
21,23.597724923849206
46,46.85228992268246
56,52.99429626090417
24,29.421471819557564
16,17.76935278370703
27,26.20123662893564
27,25.67903379135891
47,31.062841254230126
3,4.239563983865784
25,31.062841254230126
21,25.611817966488985
40,43.1950316984028
63,55.2077440764579
2,4.49698624349182
15,14.320888699914718
20,22.109765244305642
45,47.37962295545812
27,25.508619399453384
24,30.61314984489299
25,25.88100686299908
59,66.37857716103728
12,13.552486929032767
13,16.545638742786664
15,15.78105100182338
18,22.77632972632985
7,8.16973154796518
35,31.636534348926244
22,22.219373546941064
55,54.00752587868254
53,49.94216651516614
22,20.613718019890577
32,33.67378446601113
27,26.41832817883602
13,12.615964864416362
19,18.188594881403496
23,22.875464390843735
23,21.726267251892576
21,19.8784525010126
2,4.130080454754446
13,12.054855498167713
12,10.943572166227039
5,6.107691055956775
32,29.312566535186573
32,34.19535048086281
28,24.71151317418329
42,43.67270135815922
46,66.14416080734586
49,49.503952666447276
63,66.14416080734586
23,25.855051614094727
37,39.64991218226611
23,22.647829715345544
59,49.68727163669125
9,8.651636878109622
49,44.3185224922722
45,47.179670968164835
73,66.39306002186075
21,20.442301225226718
31,33.29729951759269
34,31.279408834220526
42,38.79030261805964
15,14.463083614788442
10,11.026637573192959
25,22.77632972632985
27,32.70153306522514
18,17.281774834983104
11,12.054855498167713
17,20.22541703437302
20,17.827074067031997
16,17.092098587767303
21,20.73798410807114
35,36.16795636307184
62,59.63815787492765
30,26.524563435993787
47,52.900426719224036
15,15.352121686244638
14,15.31510206214054
17,17.61965494125846
14,21.84438983497973
7,3.1758842869617667
29,30.286917755831304
11,9.158474366335351
27,28.050932520526043
48,33.461558794304665
11,9.448121177102712
70,66.74150766651846
13,13.178821986282045
15,15.390536844749235
5,5.425189387861418
26,25.11136567907011
28,33.066521224782306
26,27.1353197543797
10,9.721915041725966
1,3.842461419516689
12,10.987554827964068
3,6.07447132158318
34,42.22908938899943
8,9.287971675628679
12,12.168417382444124
9,9.331688278473186
22,22.62839083993708
33,33.2107064201973
7,4.6095411906600265
37,42.22908938899943
16,14.814418135719162
97,59.63815787492765
27,27.717271540213847
40,40.17662488423683
70,66.39306002186075
22,22.534715649141635
56,57.55159344676936
27,33.066521224782306
10,9.596333772041055
51,52.99429626090417
18,15.415614085624734
23,27.202956344050953
41,37.41064552717738
72,59.63815787492765
38,36.83459883356831
47,52.6203259110708
26,22.50941101108475
9,9.287971675628679
23,22.43799535495393
60,60.801003409035374
66,57.14537317078018
11,13.927032997517799
23,23.570345297522472
17,17.153895343828843
14,13.332579620321132
7,6.07447132158318
12,11.82281627901244
14,15.671266794415022
11,11.655660623760003
10,10.444696548384053
6,5.9214384671507645
28,37.659626832782735
13,10.935589074424783
29,38.88599919033624
25,22.875464390843735
21,22.74696437985943
36,39.6403692440729
34,35.114698637242256
48,52.273232087312294
31,31.69729165923534
44,41.980934227820015
18,17.61965494125846
14,13.634764175056622
44,42.57498300232691
10,10.497906803028773
29,24.29026150327805
55,57.534844861245176
33,31.906758073294732
45,48.237395814129144
13,12.792489889716382
55,51.348476165810595
27,25.722523134596013
40,38.79030261805964
33,37.19459685602001
36,36.93943345382501
24,25.611316192456297
7,6.07447132158318
59,54.00752587868254
40,38.631071548582675
24,23.49957716022421
21,22.77632972632985
23,24.698476612344333
16,11.617674985324944
39,27.9381227344334
3,3.6465460508848415
22,23.876419948258263
41,42.28619983046822
21,23.788223676677
12,11.959537007487024
29,26.376894868001937
22,22.18523301267858
50,49.68727163669125
45,45.95284768370735
6,6.48839632413515
17,17.61965494125846
47,38.82275938724201
24,25.09593147269574
7,7.552129897893815
28,30.392864141824862
14,13.927032997517799
47,51.407985317829095
11,11.92200860861374
21,23.059971036536698
21,22.238265255289942
16,17.827074067031997
10,10.978321656616199
29,27.048385958919948
6,5.193783291518569
34,34.82764524309713
36,36.5251017759776
2,6.07447132158318
71,66.07329075835335
73,59.63815787492765
59,56.955102522878505
14,13.717727988557247
2,2.476068656921929
39,26.038333667937952
72,66.55639138744868
18,21.060120279473576
56,54.813239632012014
52,58.55827715236459
34,32.691142233738205
24,23.760304768309183
54,52.99429626090417
12,15.299423739030562
9,8.436691894809616
28,25.88100686299908
50,50.87261456079021
19,18.712652390371723
17,17.76935278370703
38,39.87799164043885
8,6.934821608411502
27,25.88100686299908
19,19.66786137995978
3,3.360976750765881
26,25.718984670441166
33,49.814158339578306
53,52.73526139839488
35,34.05888924848775
23,22.800217594681342
32,34.917428762851586
8,8.499189478475195
49,49.715263604562736
9,7.705304044557616
6,6.07447132158318
70,48.193496748461584
21,25.11856118668905
9,8.262641955922515
60,59.63815787492765
53,48.34131771030183
6,7.552129897893815
15,15.612078053969991
32,29.81743151288951
10,10.305229194337373
39,44.2535052943726
45,58.74375537420806
39,40.18743935995317
10,9.88406240593915
68,62.19768248224899
53,59.031599597061565
59,54.585801675480965
20,20.520464390789005
39,35.88118837657873
47,53.133614717486424
21,25.09593147269574
16,15.620275500691898
7,7.096575252764031
31,31.174514566107593
11,10.483747312192943
11,9.952533920725728
6,4.539543650463088
3,4.430060121351749
42,44.60858191665119
11,11.243537659410258
26,24.971292149658346
44,41.46899899198936
20,22.420163136771396
54,66.14416080734586
38,42.43282125159937
47,66.37857716103728
13,11.881424793945543
2,2.693760204709402
72,67.21788002011105
22,20.322709525609003
41,52.63288960015724
46,66.07329075835335
54,56.205438008976465
62,56.19329463670423
8,8.495330065286577
72,59.81668446210166
10,12.615964864416362
38,33.57589773845843
62,49.715263604562736
13,10.492955543120285
11,10.380229323954481
26,24.15384138596817
37,31.244806063614288
37,36.29222577814295
22,22.810576496484053
36,35.30305965164801
7,8.173577493029494
6,6.07447132158318
21,22.420163136771396
38,42.999876196010455
46,54.420299530766066
18,18.72352444020291
20,17.884565197668717
50,47.27673549203525
15,15.143797407343968
6,7.613611229346239
19,18.712652390371723
30,28.407872788703013
40,41.46899899198936
14,15.415614085624734
5,4.651899675608032
53,51.827727111507066
53,50.98060182107381
31,32.36022492761511
26,27.202956344050953
39,40.07611829824226
73,38.82275938724201
16,15.612078053969991
34,36.60830917609454
25,24.790815477294938
46,50.2673210235458
32,31.20702644964512
13,12.081071997554774
91,66.14416080734586
32,27.717271540213847
51,54.585801675480965
30,31.16035721202739
53,54.585801675480965
21,20.03111383780315
25,23.43360200818825
9,8.499189478475195
6,7.552129897893815
14,13.797313779613877
20,18.696952610774744
36,41.445509459447486
35,33.93367743741842
12,12.168417382444124
74,66.37857716103728
5,4.651899675608032
66,54.90343228315161
53,57.350662601921
33,31.86113380113711
55,58.55827715236459
31,32.933936417724524
44,39.89912782611203
9,9.893258512111894
13,12.923520754656277
45,48.645118369871334
37,37.58826222662766
51,51.348476165810595
29,36.29222577814295
22,26.038333667937952
11,13.332579620321132
44,39.760783006469026
55,55.2077440764579
52,51.407985317829095
12,11.381575021424453
3,3.1709855911402425
70,62.01216463342953
29,33.36689263843656
7,8.279292591883083
8,8.279292591883083
57,55.809298040859595
55,54.813239632012014
10,9.141390078368362
27,27.317462044600045
23,22.77632972632985
6,5.9214384671507645
52,52.13885361229349
62,61.52416797909668
20,23.172159085836604
28,33.86016210164045
16,17.02612212619282
23,21.883706723550723
5,4.651899675608032
21,25.88100686299908
52,50.181208378661
8,8.436691894809616
5,4.239563983865784
21,19.037075351943837
56,58.55827715236459
9,8.495330065286577
45,41.2047828863742
25,21.913921010953313
15,15.396926858739619
6,7.236282874342509
14,15.944646483734582
41,59.63815787492765
78,65.60319915109169
38,36.601745841627185
42,41.44515446409116
3,4.49698624349182
15,14.990973033325023
6,5.013716271747187
18,18.081429767759566
18,18.712652390371723
64,43.708252458313204
29,33.29729951759269
50,66.37857716103728
25,20.697819681163157
34,32.92185630413625
41,34.659265197392855
6,5.266643926543838
7,6.850433389339933
11,11.965879192682559
11,12.019734686217463
22,22.18575075201129
19,18.10827500725712
29,29.449461903824083
19,18.188594881403496
6,4.49698624349182
23,26.826671947891573
38,36.73922653027252
58,66.14416080734586
64,59.63815787492765
43,44.31177899636212
35,31.906758073294732
26,29.464601039991475
5,4.257684029646497
43,36.74022927201715
30,31.769674043810745
7,7.705304044557616
60,66.14416080734586
52,53.43954797370884
6,4.606469772603159
27,27.717271540213847
28,27.515662226403897
40,38.372574679875406
18,13.927032997517799
36,31.37928215236645
28,29.817137315842082
32,33.107449219923055
12,13.332579620321132
23,22.875464390843735
25,25.671196939697534
16,17.611959519848604
56,60.19444513116929
66,62.61872291129562
35,36.875909855464265
14,14.037193742925513
16,15.368365438370727
19,19.9313112096503
54,60.801003409035374
16,16.32646243139638
15,15.55298024804426
40,43.728061912712654
37,42.083473114056964
28,30.67784902258258
21,20.613718019890577
8,8.499189478475195
8,7.705304044557616
28,31.22962283496912
55,66.14416080734586
6,7.026857774084671
3,5.68882572966373
33,47.86086298629443
18,18.10827500725712
42,44.64246729396006
75,60.19168446210165
24,21.957351063738354
15,14.611129810478431
10,10.879114060483252
12,12.061164687991196
22,23.033139250820298
26,25.275887991627922
30,29.772371239718503
37,38.631071548582675
33,33.20535602567764
34,36.17509185778535
49,52.802955215092894
15,17.61965494125846
39,39.09056778642487
15,14.242116238730057
18,18.24330467124438
22,25.434217249667622
45,45.31350855989204
42,44.50134131764424
20,22.420163136771396
55,65.35429993657681
8,7.705304044557616
35,30.189502913644652
33,30.909534468950834
44,43.53849959143054
29,27.17364484944299
58,66.14416080734586
15,13.071327918009649
29,30.833332624533625
25,23.824518451963442
23,23.824518451963442
8,6.07447132158318
3,4.49698624349182
20,20.415544833065816
9,8.279292591883083
28,31.882843138458185
31,29.79310267551212
24,18.921577925443653
67,56.23049445413496
19,19.111340408735607
39,39.718111944980066
7,4.901302624408464
32,35.39411864612954
28,29.864808472561197
39,40.2003160778093
66,60.801003409035374
61,61.898962802329
30,31.29648797930359
34,32.7391290899352
48,49.655097934574634
15,15.390536844749235
13,12.010872836430682
33,35.04607669554649
38,36.30103224580315
32,31.561193281015107
19,20.051011863170583
67,59.88848140567677
29,30.70266760912931
72,62.61872291129562
53,53.324766488112665
50,51.70489222823862
8,7.705304044557616
22,20.73798410807114
24,26.55450502600787
9,9.331688278473186
26,30.639068561159156
66,66.14416080734586
39,38.69132070641242
42,47.333977087324755
21,20.83628077422682
23,23.39600670711743
7,8.436691894809616
28,28.193749844011695
29,32.54559304263268
22,23.769447274947375
59,54.44756890874447
24,23.786342072422123
34,34.917428762851586
9,10.900294404048505
75,66.37857716103728
38,37.48994859106582
32,36.88171449696259
53,52.99429626090417
17,17.092098587767303
63,62.19768248224899
78,65.31743327381909
30,31.279408834220526
6,4.651899675608032
32,31.63822932354027
15,17.61965494125846
25,30.61314984489299
18,18.712652390371723
60,56.29329536815386
30,26.038333667937952
53,52.802955215092894
18,22.087400907592738
21,19.32886012601774
16,16.921559046008248
52,43.91198432091314
15,17.260166597634917
37,36.20128598650392
72,62.61872291129562
31,30.441131210431205
31,32.82179890012387
35,34.101471688171614
13,13.832058645212442
55,49.30754177573253
29,42.66728217130909
21,23.334676049507053
23,23.8670380943776
31,29.091072122157208
36,34.05888924848775
19,20.442301225226718
27,27.61078243245895
23,25.70892220060993
30,28.817454542345352
44,49.345438981120495
16,16.32646243139638
23,24.317497614799333
31,31.639117362151705
19,18.63524719849813
76,66.37857716103728
10,9.596333772041055
40,33.86016210164045
12,12.054855498167713
56,53.62511980928067
14,12.163824955500756
28,29.342285097740433
58,66.14416080734586
14,17.827074067031997
31,36.747659217992336
15,20.613718019890577
18,18.592076541350067
17,31.411587644353283
70,66.39306002186075
10,10.978321656616199
62,66.14416080734586
10,12.284167691185223
13,13.927032997517799
19,25.11856118668905
9,8.16973154796518
3,4.49698624349182
17,14.284618524851101
5,3.0670886352744082
18,20.613718019890577
36,35.32973747613332
15,15.696709131967586
3,4.49698624349182
14,13.552486929032767
2,4.130080454754446
25,34.07466559944271
11,14.366055426321552
24,21.81229831226221
16,15.30539983080729
17,14.962350057463741
39,38.82275938724201
21,20.051011863170583
6,5.9214384671507645
20,20.998125264804603
45,42.76852528951257
11,12.615964864416362
24,25.611316192456297
57,60.801003409035374
50,51.155710661330076
71,62.19768248224899
16,14.464668756651246
10,10.425987958230928
23,20.520464390789005
16,17.092098587767303
23,23.541395782313927
19,19.23491629778662
55,52.99429626090417
29,30.39835773032098
27,30.53620043445061
6,4.49698624349182
16,15.78105100182338
11,11.451903741147637
14,13.552486929032767
19,18.712652390371723
24,22.77632972632985
20,20.480747828641846
48,45.01327710038358
11,10.987554827964068
18,17.61965494125846
34,36.60830917609454
31,27.150463589043873
28,36.29222577814295
3,3.427902872905951
47,49.715263604562736
23,24.20722875226292
18,18.712652390371723
33,33.29729951759269
38,34.27308742105221
26,27.906607941039102
58,47.715592277950854
30,29.096631430926045
9,8.495330065286577
9,9.779717047828743
14,15.248473336479687
23,24.782796171623172
30,25.88100686299908
21,49.715263604562736
18,18.712652390371723
21,20.613718019890577
11,10.900294404048505
14,15.179490360695812
50,52.73526139839488
46,48.7814616861084
33,42.16784784612284
32,33.6471467002338
10,9.733958413552298
37,41.2047828863742
39,34.94432630927249
54,52.900426719224036
12,10.987554827964068
71,57.27448821901616
59,53.54409185713122
48,50.17499083350439
40,51.348476165810595
26,23.79662695706697
40,43.34151122474068
35,42.41818573658982
17,18.081429767759566
47,59.63815787492765
17,18.081429767759566
27,31.20702644964512
52,47.68296353943216
49,48.126888132240865
9,10.283163551752228
25,25.508619399453384
47,49.12913630227611
43,43.74032373926559
18,21.060120279473576
29,30.033133709449697
29,27.763314464114824
17,16.873532027120657
29,27.317462044600045
55,59.63815787492765
56,49.71736858890078
51,59.63815787492765
26,24.612690758061973
54,59.448043044332664
32,31.900446571201076
37,34.95469938968031
2,2.7542027533630944
29,30.290546767636226
11,11.881424793945543
34,57.41410093651821
41,41.2047828863742
28,28.98945462484239
32,32.5882909000824
21,22.647829715345544
13,11.959537007487024
34,34.95469938968031
3,3.1709855911402425
51,52.10156140841481
18,17.61965494125846
14,14.010610697444354
36,37.9607175431332
26,25.679280487016104
38,42.43282125159937
8,9.326721237313661
15,15.143797407343968
35,34.82764524309713
7,8.16973154796518
24,19.36800393195175
40,41.23663165091654
50,52.89835898504053
11,9.224475018842211
74,59.696206088410555
5,6.07447132158318
44,52.03472028280331
23,23.516663443100033
23,24.099092172723466
2,1.9440368012882678
26,36.03859524501458
10,12.615964864416362
41,43.2708350416098
54,53.74849101617325
12,11.863477223177087
20,22.810576496484053
23,24.9645302832043
44,39.778827217989964
18,19.46403145370732
8,7.705304044557616
24,19.331473945304065
6,6.07447132158318
12,11.881424793945543
20,18.081429767759566
21,20.613718019890577
10,9.102775081088584
7,6.07447132158318
24,27.559944735274975
11,8.445905276729231
39,38.61780874551063
8,8.499189478475195
9,8.936909644086171
48,48.983741565433995
4,5.266643926543838
39,36.3252073421926
44,44.229930867859466
34,31.37380803038412
76,66.37857716103728
69,66.14416080734586
14,14.310493982742708
15,13.927032997517799
19,21.84438983497973
23,26.19142085084307
58,51.7390314429404
8,8.495330065286577
13,11.945144408383953
25,26.67623947203203
24,26.310659700851154
38,36.14146937908431
19,18.981651251781507
33,31.186163097431667
35,35.14502681961652
8,8.499189478475195
28,25.611316192456297
32,29.449461903824083
43,42.76852528951257
25,26.55450502600787
24,23.242857682607134
36,36.30103224580315
76,65.9057663874487
37,31.279408834220526
31,31.186163097431667
11,13.535022238365041
16,25.88100686299908
17,26.038333667937952
40,37.34411394509097
49,43.20360805861039
23,25.88100686299908
26,30.61314984489299
16,15.20175148104234
25,20.520464390789005
15,15.67927009423963
10,12.615964864416362
40,35.32973747613332
59,63.757000553117564
12,10.496694748204035
61,48.66236886698378
12,13.106202938662998
4,4.651899675608032
11,10.987554827964068
56,53.44929642413763
64,66.37857716103728
48,48.396899482100494
28,28.407872788703013
8,8.279292591883083
70,62.38158195780811
26,27.60328603292536
12,11.337592359687424
26,24.68816948000883
51,43.67270135815922
47,34.07466559944271
11,9.779717047828743
16,16.873532027120657
22,22.74696437985943
62,59.63815787492765
34,30.16626588777159
20,20.03111383780315
8,8.383671993198726
26,25.30356256119863
53,57.534844861245176
23,25.88100686299908
17,18.63524719849813
13,13.634764175056622
14,15.005724713725192
50,52.73526139839488
49,48.33992441894254
60,59.63815787492765
18,22.109765244305642
5,3.5728439481646754
26,21.84438983497973
35,33.56546679021727
35,39.947180449147574
51,53.74849101617325
23,22.548663147755697
10,10.879114060483252
42,43.1950316984028
31,33.29493478315121
6,6.250225187426161
36,38.88599919033624
15,13.844035635051224
38,46.259892446950786
36,36.30103224580315
44,34.217773318237406
24,20.63306455034795
37,32.691142233738205
45,66.14416080734586
10,10.900294404048505
34,30.392864141824862
13,11.959537007487024
18,16.95652846785992
21,19.32886012601774
17,17.109969169837083
54,37.1480080927257
51,45.42336154145333
20,17.947812221710315
58,62.07986514204955
40,37.9607175431332
18,17.502175312440244
49,60.801003409035374
59,56.23049445413496
71,67.21788002011105
32,30.557576753066865
76,65.83887440466192
18,15.009062392301155
10,9.544335572221073
17,14.103900914631899
40,42.149819160248065
6,6.07447132158318
34,31.96972920688509
67,66.55639138744868
5,6.07447132158318
60,55.0450000675837
31,20.613718019890577
24,24.68816948000883
19,18.081429767759566
15,20.442301225226718
21,31.317918552285477
22,20.998125264804603
16,17.260166597634917
26,26.826671947891573
26,25.611316192456297
6,6.0056072492345915
25,24.9645302832043
17,22.366481282348957
26,27.60328603292536
24,26.646800585380866
10,10.328922186028676
47,43.1950316984028
9,8.82198201554267
3,4.430060121351749
10,12.119842293763726
61,38.88599919033624
24,24.435811071387963
14,12.054855498167713
27,24.653812638526624
27,26.53920891124654
24,22.77632972632985
26,36.94480270594791
7,6.07447132158318
14,14.371210053467667
62,66.14416080734586
75,66.14416080734586
26,26.281750135444394
45,40.82650694493741
49,49.68727163669125
13,13.934434439907573
56,46.03555826710325
21,19.552664643532985
25,23.760584881493713
25,23.79801187609662
32,34.659265197392855
19,20.415544833065816
4,3.227550953628433
13,12.107080071106813
27,23.510256485661785
7,8.16973154796518
11,10.03064613426721
19,18.998005710773455
21,24.17696272572983
31,36.29222577814295
16,15.612078053969991
15,15.143797407343968
19,18.696952610774744
36,34.82764524309713
13,14.259514972335003
16,15.361770407319346
26,27.137983285636817
32,31.062841254230126
17,16.513110683525248
6,4.49698624349182
10,8.495330065286577
61,59.92061176837027
15,12.54324479665991
31,26.27608542384677
27,27.89696290441184
11,9.779717047828743
22,22.548663147755697
8,8.495330065286577
11,11.795338512966813
25,25.598057633140996
34,34.95469938968031
22,23.934064778133138
35,34.46053805054555
67,66.14416080734586
35,39.12629481505126
62,51.348476165810595
47,52.6203259110708
15,13.226707436481282
35,34.82764524309713
15,15.931248429621212
35,38.258026614817005
29,29.775886019644524
12,12.061164687991196
58,66.14416080734586
76,60.801003409035374
36,36.29222577814295
10,8.495330065286577
38,45.66194159019467
48,44.05437461082747
21,20.22541703437302
54,62.74106547559818
29,33.6471467002338
38,30.776964519434138
50,44.68482124505946
1,4.416508622804692
10,10.437988677916495
8,7.738491643292461
3,3.2285517023591743
17,16.95652846785992
56,59.63815787492765
31,31.20702644964512
2,4.49698624349182
1,2.7542027533630944
12,12.254962802672424
12,12.163824955500756
25,26.530072960458266
14,14.928748792374359
27,27.60328603292536
27,26.98119245615083
36,32.92185630413625
18,20.442301225226718
15,13.535022238365041
8,6.07447132158318
21,21.914507041874124
10,8.495330065286577
32,34.217773318237406
21,20.613718019890577
8,8.499189478475195
37,59.63815787492765
17,14.014348779570373
23,25.671196939697534
68,52.99429626090417
14,13.844035635051224
19,20.22541703437302
49,50.60112021564729
39,42.481355332860566
32,27.683128003753552
10,10.650163349384048
11,13.927032997517799
12,17.219753377245443
10,8.220821716302982
20,21.858216399224467
24,22.656523343115893
60,61.898962802329
31,31.136895741327066
12,13.552486929032767
12,13.832058645212442
3,4.651899675608032
18,17.281774834983104
41,45.66194159019467
39,40.38066110646531
40,44.09480314628518
40,20.442301225226718
30,29.21417841795436
9,9.141390078368362
16,18.63524719849813
16,15.390536844749235
23,22.74696437985943
34,34.53055594170902
43,45.26377472285895
10,9.93457405365962
63,66.14416080734586
69,66.14416080734586
21,20.442301225226718
15,17.61965494125846
59,61.52416797909668
24,27.78416526179417
28,34.06079756782608
19,18.74885958680024
21,21.518435943494474
25,25.675121456935113
13,14.320888699914718
41,33.066521224782306
19,20.318086135171995
14,14.41231357809227
14,16.19025546350294
27,27.496109226841707
29,30.55595768408507
8,6.07447132158318
11,7.705304044557616
21,20.613718019890577
18,19.111340408735607
30,30.456837888006316
49,44.929575179770666
29,31.508968789896784
31,31.279408834220526
20,17.827074067031997
38,38.83996713851174
39,42.69785813207702
27,26.524563435993787
7,7.705304044557616
10,9.596333772041055
4,4.49698624349182
17,15.76793933920161
28,28.686677677319796
4,4.7353470122689725
10,8.495330065286577
9,8.495330065286577
22,18.981651251781507
51,55.50336478463718
65,55.0450000675837
33,33.83210281977839
18,17.73269767452692
43,46.85228992268246
57,59.031599597061565
63,52.89835898504053
12,11.021684379768518
28,28.98945462484239
27,26.416894958008918
72,57.826935146831104
12,12.163824955500756
13,12.163824955500756
33,27.559944735274975
38,34.101471688171614
25,25.514435562845687
40,46.87521742512083
20,18.930172107653853
4,5.9214384671507645
1,3.5728439481646754
7,8.220821716302982
22,27.164019328306473
55,50.60112021564729
18,20.442301225226718
25,25.121857088143173
27,26.118758618907897
63,61.52416797909668
17,16.58052964436238
54,38.82275938724201
43,43.67270135815922
51,59.63815787492765
8,7.705304044557616
8,8.856085840813046
11,10.393170379153638
25,24.698476612344333
37,39.64991218226611
19,18.712652390371723
36,34.82764524309713
32,31.639117362151705
4,4.651899675608032
31,33.118455045163756
31,27.60328603292536
58,66.14416080734586
25,28.050932520526043
32,34.82764524309713
6,6.07447132158318
52,52.570265096286576
23,21.957351063738354
50,48.66236886698378
29,43.88368280905722
33,42.41818573658982
62,44.3185224922722
10,10.987554827964068
12,12.107080071106813
13,14.189766252318838
22,21.858216399224467
5,4.49698624349182
25,22.504673194730437
52,55.152533763002396
13,14.284618524851101
70,66.39306002186075
32,42.415702941544126
26,27.112445655447125
23,22.548663147755697
19,19.46403145370732
37,37.79391485953089
56,52.99429626090417
24,23.906148455636078
43,45.63705962211681
28,25.8179291290164
22,18.74885958680024
41,37.9607175431332
51,46.93964403296466
21,20.520464390789005
19,20.044645907612455
64,66.14416080734586
33,30.906873854964566
44,44.60858191665119
31,35.734005238541684
11,10.848514898600607
22,25.508619399453384
22,22.548663147755697
25,25.508619399453384
44,45.02640924738053
7,7.71182495652949
9,7.705304044557616
20,18.48359554527186
35,42.71498316102129
23,24.71729001305352
20,18.081429767759566
31,30.189502913644652
16,14.103900914631899
19,17.733345029327438
4,4.328360548701
61,66.37857716103728
10,9.797787848230525
25,22.875464390843735
10,9.684246383947377
24,22.548663147755697
50,50.969128531913476
27,28.193749844011695
24,26.281750135444394
49,49.715263604562736
33,31.96877331611309
15,15.449837077183355
36,38.88599919033624
27,26.04169168958173
41,37.41064552717738
31,29.421471819557564
42,42.363003348515186
32,30.946749818053814
18,18.712652390371723
7,6.07447132158318
49,50.60132467404474
20,19.6994836569797
8,8.495330065286577
14,13.625105976651815
7,7.613611229346239
31,27.717271540213847
31,29.759115333392447
73,58.74375537420806
42,49.29588255508266
9,10.424644687815476
33,38.82275938724201
36,42.22908938899943
40,39.64991218226611
45,46.85228992268246
20,17.827074067031997
16,16.485063610976447
26,27.89696290441184
19,18.930569281975046
19,17.517875092037222
16,15.612078053969991
14,23.563584389586723
6,7.705304044557616
47,50.17499083350439
60,60.575240651280104
53,55.314770629994186
16,13.444210978430963
34,28.33774744382462
23,28.494241488048708
42,24.9350183063221
15,14.74857682480182
37,34.46053805054555
6,7.552129897893815
12,17.61965494125846
26,27.008416645433556
18,16.95652846785992
25,23.48388028722378
71,57.06178329213865
44,49.68727163669125
19,18.712652390371723
55,43.20360805861039
45,49.715263604562736
3,4.430060121351749
2,4.49698624349182
22,20.584484983201
33,28.307785616962036
24,25.70892220060993
21,20.613718019890577
56,38.88599919033624
32,28.193749844011695
23,26.819528567907092
18,17.461400691422423
75,60.801003409035374
33,31.062841254230126
16,15.660841979699432
16,17.092098587767303
33,31.96877331611309
28,28.861347945056327
7,7.705304044557616
16,15.612078053969991
17,15.660841979699432
49,49.45189920401749
38,38.65490368188943
86,66.37857716103728
37,36.340997585961205
15,15.359287389457005
17,18.12732652833305
24,25.11136567907011
43,49.715263604562736
26,22.77632972632985
3,4.430060121351749
20,18.930569281975046
10,9.339231698296869
14,15.009062392301155
28,29.579062777990174
32,35.52416190881669
27,29.22623230509214
23,27.360240084574354
30,33.066521224782306
13,11.243537659410258
17,15.352121686244638
14,15.141294833632575
16,16.298259346161174
18,20.613718019890577
7,8.16973154796518
25,23.67848187706193
56,49.715263604562736
24,20.613718019890577
5,6.07447132158318
51,55.919885270639746
56,56.74549743848833
15,15.248473336479687
39,40.38066110646531
25,25.514435562845687
15,17.61965494125846
5,4.651899675608032
44,40.38066110646531
18,18.712652390371723
63,50.60112021564729
16,15.352121686244638
53,53.324766488112665
27,26.04169168958173
23,25.88100686299908
40,49.04309866342726
44,47.715592277950854
10,9.779717047828743
13,10.987554827964068
28,33.55495032530642
22,19.090934047136173
21,28.74775469609502
1,3.227550953628433
3,4.651899675608032
7,4.49698624349182
22,20.83628077422682
30,26.826671947891573
25,25.20967399781352
41,40.38066110646531
20,17.219753377245443
6,4.49698624349182
43,46.53826160754613
49,49.45189920401749
22,19.870900451643564
32,30.667171027770557
25,21.878530369242213
8,8.495330065286577
35,34.21407575163148
1,3.5728439481646754
19,18.188594881403496
55,53.74849101617325
22,18.790018058221875
14,12.42784042507521
18,16.73736065770199
10,8.89715488826322
34,33.29729951759269
16,17.61965494125846
33,30.946749818053814
10,9.102775081088584
24,25.614854656611147
45,43.15194890345857
24,24.68816948000883
13,13.927032997517799
37,33.86016210164045
15,14.464668756651246
19,20.517048554402596
9,8.495330065286577
21,20.051011863170583
28,31.133619060512217
50,48.28013473188877
10,10.542453382480483
24,25.508619399453384
23,24.578432253638475
8,9.326721237313661
27,23.539268513964423
29,25.598057633140996
13,14.44992971140115
29,30.840942564842788
31,31.33469030410951
70,49.68727163669125
75,58.55827715236459
40,49.715263604562736
38,42.80899712542618
39,38.79030261805964
46,47.27673549203525
7,7.552129897893815
26,27.501256301737556
4,3.7910471086367297
10,10.987554827964068
14,14.320888699914718
13,13.84872491612158
51,44.60858191665119
41,40.08613476993931
8,11.971958231009507
30,50.60112021564729
16,15.831280403207979
10,12.081071997554774
16,15.194193540529124
28,30.67784902258258
20,20.22541703437302
3,4.430060121351749
19,21.518435943494474
22,25.43352441018214
25,26.07350136854324
34,34.82764524309713
8,8.998076589789065
25,28.70799532517402
19,17.947812221710315
24,24.20722875226292
15,14.854816300336802
30,32.952074654269346
18,18.712652390371723
37,36.60830917609454
52,49.715263604562736
15,15.20175148104234
14,13.919039531481951
51,52.10156140841481
26,25.718984670441166
3,6.259913567525845
12,12.054855498167713
17,19.35069675574517
7,5.9903025394993525
16,15.660841979699432
31,32.33555391388084
27,28.6592849961492
11,10.283163551752228
14,14.320888699914718
30,30.639068561159156
54,56.40987232281283
27,25.409995091543742
22,22.238265255289942
8,9.404748489881355
10,12.517587035630141
24,24.47243497197261
44,44.8718534559918
63,54.856405912940716
69,51.61394555069389
11,13.552486929032767
10,9.733958413552298
29,29.34032016012684
59,49.68727163669125
23,25.11856118668905
17,20.613718019890577
23,24.099092172723466
18,16.4034498939327
26,26.41890543671107
26,27.906607941039102
37,36.47170257894003
18,20.613718019890577
50,49.671917323238695
21,20.697819681163157
27,29.32135522403801
14,14.36381215579346
8,8.495330065286577
76,66.37857716103728
18,18.712652390371723
6,6.07447132158318
11,10.987554827964068
27,28.342907295807965
12,12.081071997554774
20,20.520464390789005
9,10.437988677916495
23,22.32209047753715
4,4.6095411906600265
41,45.31350855989204
39,36.60830917609454
48,58.8932386276738
15,14.611129810478431
4,5.193783291518569
14,14.173034464703054
18,20.46897335747283
74,61.898962802329
30,31.610908717565355
43,50.60132467404474
7,7.705304044557616
41,41.73310868802323
8,7.799430145681147
13,12.42784042507521
19,20.339693264028444
16,14.928748792374359
27,26.720454687548077
7,5.9903025394993525
15,17.153895343828843
11,10.380229323954481
16,16.873532027120657
37,34.46053805054555
11,12.107080071106813
35,34.05888924848775
23,24.828243009420596
37,37.425509808566055
38,35.982053304436285
71,49.68727163669125
46,49.715263604562736
23,20.442301225226718
37,33.29729951759269
54,58.55827715236459
40,38.2469167670605
46,48.66236886698378
9,10.650163349384048
46,43.925228308390146
23,24.184684175152366
23,22.548663147755697
34,36.30103224580315
34,34.05888924848775
57,59.63815787492765
4,4.651899675608032
4,4.651899675608032
24,22.77632972632985
25,37.066872938695965
10,13.535022238365041
11,13.907872928264974
17,17.947812221710315
36,34.217773318237406
28,30.446011932682488
51,47.86086298629443
60,65.35429993657681
10,8.495330065286577
9,9.488385180966102
18,18.712652390371723
22,25.508619399453384
7,5.9903025394993525
10,10.778025572344593
15,15.612078053969991
17,13.927032997517799
42,33.86016210164045
24,20.613718019890577
60,60.267029185744946
10,10.987554827964068
13,13.883226331974493
32,26.53920891124654
31,26.982779801218108
43,36.3252073421926
42,49.68727163669125
2,3.5728439481646754
21,17.372111354943872
11,12.019734686217463
38,34.792645178049206
40,44.92498321849977
8,8.499189478475195
37,36.29222577814295
41,36.033986584295164
29,26.55450502600787
53,52.802955215092894
27,25.616287877438246
53,54.60989934270948
30,27.402340124766646
68,62.19768248224899
24,24.782796171623172
5,6.07447132158318
51,59.031599597061565
20,20.44293675165515
68,66.39306002186075
15,17.990795378438904
46,49.80149975342486
24,20.442301225226718
6,5.9214384671507645
38,37.9607175431332
10,8.998076589789065
33,35.19539149928223
7,6.07447132158318
60,59.63815787492765
15,14.371210053467667
22,22.548663147755697
3,4.430060121351749
45,44.2535052943726
23,24.89046464960804
10,9.596333772041055
39,43.47330319900799
72,66.39306002186075
19,18.712652390371723
34,34.82764524309713
25,25.614854656611147
66,65.92364184652237
61,52.79774397748033
12,10.425987958230928
23,22.59049916289451
12,11.881424793945543
16,15.390536844749235
20,21.806981180704668
29,30.946749818053814
13,13.117088148781715
30,32.33555391388084
23,25.28390076356548
1,2.7542027533630944
45,34.659265197392855
51,52.802955215092894
35,40.36772727065596
6,6.07447132158318
19,17.947812221710315
24,22.548663147755697
34,36.03859524501458
33,35.6812569886065
9,8.610362905274082
5,4.565464784439683
17,20.613718019890577
78,66.37857716103728
19,20.44293675165515
41,49.68727163669125
28,27.446131998498448
21,18.081429767759566
57,65.9057663874487
6,6.012695412392418
33,58.74375537420806
35,66.37857716103728
38,40.82650694493741
40,40.2003160778093
26,26.416894958008918
46,43.67270135815922
9,8.384329355475458
22,24.02983866557945
21,23.54509378625297
21,17.902337072910093
32,31.944220276776775
19,20.520464390789005
19,18.712652390371723
34,34.41404947259073
48,45.31350855989204
32,33.86016210164045
8,8.495330065286577
15,16.513110683525248
5,5.197779854195249
19,17.092098587767303
12,17.15049298247132
19,20.613718019890577
40,42.28619983046822
1,3.5728439481646754
8,8.651636878109622
14,15.612078053969991
47,51.70489222823862
21,22.995699177267305
37,36.18587259758552
67,66.37857716103728
27,27.609677203418336
21,23.54509378625297
42,49.715263604562736
29,30.639068561159156
43,49.715263604562736
11,10.425987958230928
29,27.008416645433556
17,15.527979174328724
53,50.50665561240089
32,34.659265197392855
19,19.23491629778662
34,30.643377240534267
12,12.170259869752412
14,13.625105976651815
39,37.425509808566055
57,60.801003409035374
18,18.712652390371723
9,8.495330065286577
9,8.616223421801298
20,20.30221013510366
22,20.001109365685988
35,34.403775812475835
96,66.14416080734586
46,52.92017674464311
27,27.906607941039102
51,45.408531654668685
6,6.07447132158318
45,43.545243087340616
64,65.35429993657681
35,47.86086298629443
42,43.47330319900799
27,26.118758618907897
18,19.860884064477784
20,20.613718019890577
12,10.987554827964068
11,12.615964864416362
26,26.741974664371277
25,29.449461903824083
13,17.827074067031997
29,30.799013589678935
11,8.495330065286577
14,13.117088148781715
26,23.570345297522472
31,25.722523134596013
34,32.36022492761511
19,18.930569281975046
30,34.05888924848775
36,47.86086298629443
28,26.982779801218108
8,8.16973154796518
9,10.409620572379861
50,65.35429993657681
3,3.5728439481646754
42,38.79030261805964
3,4.803694624176874
10,8.856085840813046
57,52.802955215092894
36,42.80899712542618
20,18.712652390371723
42,38.88599919033624
8,8.499189478475195
62,58.01377006392786
21,22.420163136771396
37,32.582268201284904
10,10.987554827964068
24,24.88549296462609
27,23.563584389586723
61,63.757000553117564
17,15.138714104261453
45,48.7814616861084
29,26.038333667937952
18,21.670909938340305
5,4.49698624349182
10,11.294229636535103
33,34.659265197392855
22,23.403640176433974
11,10.425987958230928
26,24.47243497197261
14,15.390536844749235
21,22.548663147755697
28,29.579062777990174
29,30.67784902258258
70,66.07329075835335
49,59.906600908315795
26,25.616287877438246
27,29.101951425227504
10,11.881424793945543
9,8.499189478475195
20,20.613718019890577
31,29.449461903824083
6,5.9214384671507645
13,13.625105976651815
21,21.911087129107916
24,25.43352441018214
24,23.678205492882665
29,29.291594085641048
8,8.499189478475195
7,8.16973154796518
33,26.741974664371277
57,59.90406497793943
5,3.1275311839281
22,22.548663147755697
27,28.865173744977756
18,17.590928232277196
40,48.799001401999845
51,48.799001401999845
67,58.67290442579256
62,50.42792148448505
2,3.067339544268981
14,12.505383658868443
42,42.363003348515186
7,7.183591197395854
13,19.552664643532985
17,30.79511465427716
22,25.626118346384253
42,44.114790629672264
13,13.552486929032767
23,23.824518451963442
44,47.627478050879404
45,44.60858191665119
9,10.900294404048505
14,15.009062392301155
20,19.111340408735607
15,15.20175148104234
34,34.46053805054555
22,37.978992121480985
48,49.83847431685204
15,15.009062392301155
30,28.33262785949998
30,28.97654871919654
21,21.726267251892576
24,24.636103358577166
29,30.61314984489299
14,14.488141071223874
45,47.627478050879404
13,12.163824955500756
37,36.46976639735014
34,37.70471067570435
23,21.163249414530384
13,15.657503480381283
28,30.392864141824862
2,4.901302624408464
10,10.733942478056793
42,43.15690189715941
26,24.456306601624668
13,15.685140741622927
23,24.12893358033805
19,20.584484983201
3,4.130080454754446
41,36.05117381386499
36,36.16795636307184
46,43.787664952102006
32,35.39411864612954
57,56.03849540665436
1,2.693760204709402
15,17.02612212619282
31,38.88599919033624
28,34.46053805054555
8,8.495330065286577
23,24.47243497197261
11,12.254962802672424
60,44.78787943610979
35,33.86016210164045
37,37.15820211625836
0,2.693760204709402
20,17.902337072910093
13,12.352001000456891
17,15.660841979699432
25,25.82521992759893
28,24.209836552308104
37,36.18587259758552
58,54.00752587868254
45,35.612943434393564
23,23.583390738384843
12,12.019734686217463
26,26.310659700851154
29,29.02082791969612
55,56.25345956245796
33,30.61314984489299
69,44.92029516270045
6,4.6482700876218335
8,8.499189478475195
21,22.875464390843735
32,34.659265197392855
27,27.60328603292536
38,37.801486473656226
20,31.74135239434989
3,4.49698624349182
19,18.930172107653853
31,31.52734503900563
32,34.21407575163148
43,35.52416190881669
8,7.552129897893815
6,5.9214384671507645
18,18.5640397095849
21,20.613718019890577
32,32.397919763602395
17,13.332579620321132
35,33.451938316917115
35,44.60858191665119
13,10.987554827964068
41,36.94339720492677
41,39.09056778642487
30,31.63822932354027
13,13.552486929032767
17,14.927063879838496
56,49.71736858890078
63,34.05888924848775
37,40.38066110646531
69,66.42039004336269
5,6.07447132158318
14,12.556070272946345
13,16.545638742786664
28,29.80559388460582
39,36.03859524501458
62,60.187201085596755
34,27.03098806315046
52,51.85699464514754
3,3.4292502676700636
13,12.42784042507521
31,29.428619353940768
9,10.380229323954481
19,19.111340408735607
32,29.101951425227504
17,13.986225795529103
29,25.39569471164847
17,19.8784525010126
19,20.520464390789005
35,37.144772364883465
28,25.611316192456297
64,55.0450000675837
4,4.49698624349182
70,41.459928717030756
5,4.651899675608032
19,18.82898991499096
18,17.169086050303623
10,10.496694748204035
10,10.380229323954481
13,13.832058645212442
28,26.038333667937952
11,11.902496745536691
41,34.659265197392855
24,21.518397313269496
10,8.89715488826322
27,28.865173744977756
19,18.712652390371723
68,66.42039004336269
48,44.92498321849977
18,18.839304898161462
33,31.437015027644037
63,65.03292448634973
39,40.86203507786784
29,31.639117362151705
30,29.32135522403801
15,17.61965494125846
15,15.612078053969991
16,20.30221013510366
5,6.0056072492345915
30,27.202956344050953
31,28.71819077033748
78,66.14416080734586
32,31.20181238837741
32,29.81743151288951
20,19.69046245087167
24,24.971292149658346
51,51.407985317829095
29,27.17364484944299
45,48.7814616861084
22,22.74696437985943
16,17.76935278370703
6,6.07447132158318
41,41.73310868802323
29,28.407872788703013
12,11.881424793945543
21,21.858216399224467
36,38.65490368188943
37,38.79030261805964
65,66.37857716103728
7,6.07447132158318
10,9.733958413552298
12,13.552486929032767
56,66.14416080734586
29,30.189502913644652
56,66.14416080734586
55,52.63288960015724
24,16.92450489272685
37,38.79030261805964
48,50.564822735930036
16,16.95652846785992
27,26.04169168958173
42,34.32318167723693
24,25.508619399453384
33,36.16795636307184
19,19.35069675574517
21,22.647829715345544
36,35.39411864612954
22,21.957351063738354
15,14.675906854851226
44,39.778827217989964
42,36.601745841627185
29,26.4467006260804
25,33.67859742770003
14,14.689849468411916
7,7.555408377577974
35,36.03859524501458
57,50.1584212922326
14,14.797867356553985
25,32.81895521519619
8,9.326721237313661
4,4.49698624349182
28,30.335477489591398
36,37.144772364883465
3,2.846717606550489
7,8.16973154796518
22,22.74696437985943
45,38.82275938724201
31,22.18523301267858
23,27.195281189947927
11,13.106202938662998
15,14.417946901213899
29,30.42646209004177
74,61.898962802329
42,46.97249307651815
16,17.61965494125846
24,29.471885971906524
31,29.003452743891643
16,14.526701636339766
12,12.615964864416362
30,25.43991553905446
24,21.844016365776202
30,30.777868147498822
7,6.07447132158318
35,34.27308742105221
36,33.14121172381038
5,5.145749892438717
17,18.2276048916474
45,44.60858191665119
24,25.611316192456297
32,35.39411864612954
13,11.062505982967526
34,38.578666983812305
21,20.613718019890577
59,61.03541976272682
27,29.915401502892667
57,49.68727163669125
45,47.27673549203525
7,8.16973154796518
10,13.508417004439542
17,15.276619697543632
17,25.88100686299908
34,30.393675047865816
4,3.5728439481646754
13,12.099101176548803
5,4.651899675608032
16,15.660841979699432
26,25.508619399453384
33,28.17891607528427
8,10.400739928807106
14,13.634764175056622
5,4.606469772603159
21,20.73798410807114
5,3.6110990239374146
18,20.697819681163157
27,25.88100686299908
33,31.767609961622604
11,11.617674985324944
25,25.508619399453384
20,21.36754872119364
25,26.41832817883602
49,51.155710661330076
32,29.772371239718503
32,34.708852175695945
33,35.17057423618883
66,61.03541976272682
38,34.88605044720352
52,50.2151254229679
13,12.615964864416362
27,24.28075375063772
39,37.41064552717738
31,31.55493948647026
19,23.345638982476025
11,12.560242071051459
28,30.906873854964566
21,22.548663147755697
17,18.712652390371723
11,11.881424793945543
46,49.715263604562736
42,39.414671314788045
14,12.081071997554774
22,25.508619399453384
15,15.248473336479687
5,4.49698624349182
71,59.63815787492765
13,14.371210053467667
15,14.284618524851101
31,31.619518111553806
59,55.919885270639746
42,38.83996713851174
17,18.696952610774744
7,6.850433389339933
19,19.111340408735607
23,32.68961669222005
31,27.763314464114824
12,11.364558356258286
20,22.548663147755697
53,57.534844861245176
73,66.37857716103728
21,20.22541703437302
6,6.07447132158318
11,10.987554827964068
27,28.342907295807965
2,3.9990390365237984
14,15.752497159039365
15,16.545638742786664
16,13.927032997517799
75,60.801003409035374
31,34.792645178049206
52,66.14416080734586
24,21.9480615452158
3,4.651899675608032
9,8.495330065286577
6,6.07447132158318
42,40.015820819404865
4,4.49698624349182
34,34.95469938968031
9,7.705304044557616
20,17.092098587767303
28,25.514435562845687
32,31.906758073294732
51,52.900426719224036
7,8.558379294362558
43,39.73170010828743
20,23.435686387077066
10,12.615964864416362
3,4.130080454754446
15,14.689849468411916
15,16.190892311488998
34,31.20702644964512
24,24.365068954063158
118,60.801003409035374
6,8.16973154796518
4,5.197779854195249
52,52.9718332860975
23,24.241246902362935
19,17.61965494125846
24,23.67848187706193
50,46.85228992268246
14,14.103900914631899
10,8.694244249785756
18,17.010067661575686
29,27.617899697713995
39,33.2107064201973
51,53.133614717486424
6,4.49698624349182
8,8.495330065286577
13,10.542453382480483
44,47.66874736208504
7,8.279138785176192
21,22.548663147755697
7,9.681960213732314
23,24.099092172723466
15,15.179490360695812
39,38.88599919033624
18,20.442301225226718
22,26.038333667937952
24,25.06581080528981
20,22.995699177267305
30,25.88100686299908
36,31.732482365380832
12,15.923137689243609
19,18.06785672672518
11,11.347125023345251
47,38.82275938724201
46,48.7814616861084
33,36.3252073421926
15,15.068097812889894
25,22.875464390843735
31,30.906873854964566
24,22.548663147755697
18,18.712652390371723
41,43.657385729581776
38,38.82275938724201
71,47.800299921703434
38,43.73649151919117
13,11.881424793945543
31,35.42298003744353
35,34.659265197392855
29,31.186163097431667
62,50.60112021564729
7,4.659551092881509
56,51.155710661330076
22,22.875464390843735
68,62.19768248224899
42,43.383044883667175
76,66.37857716103728
38,37.03937498687178
15,16.708968577138332
29,29.579062777990174
6,6.07447132158318
73,39.00806942308431
29,27.17364484944299
42,42.16784784612284
34,34.95469938968031
9,8.67286048893966
12,13.535022238365041
31,29.22623230509214
25,26.132138558474175
34,32.33555391388084
50,46.62850633301993
40,37.49832573310713
19,19.054419445344852
43,42.999876196010455
35,36.17397809921997
21,20.520464390789005
7,8.220821716302982
35,33.90600593322925
35,35.102391633375724
54,42.16784784612284
26,24.31089292218998
34,33.224682492883495
18,15.612078053969991
30,33.99384312880523
12,10.879114060483252
23,23.46040838337279
28,29.21417841795436
32,30.70266760912931
27,25.508619399453384
17,15.392450680569345
14,17.100505811949574
17,15.352121686244638
17,15.390536844749235
17,18.24330467124438
6,4.606469772603159
13,15.415614085624734
28,23.4927630426264
5,2.906798898828035
7,6.850433389339933
87,66.14416080734586
5,5.9214384671507645
17,18.242175711283217
29,33.86016210164045
27,26.55450502600787
50,43.62846361240116
26,30.16626588777159
20,20.520464390789005
68,52.63288960015724
8,8.499189478475195
34,25.671196939697534
14,12.081071997554774
9,7.799430145681147
10,8.780530560472778
51,46.85228992268246
53,44.71441267072529
11,12.680875354038335
2,3.5728439481646754
7,6.07447132158318
37,37.801486473656226
15,15.415614085624734
8,7.552129897893815
58,52.89835898504053
51,52.63288960015724
13,13.226707436481282
43,44.65544080548336
28,29.772371239718503
32,35.110386508589826
57,57.534844861245176
63,65.03292448634973
73,66.07329075835335
8,6.462304021650148
33,36.747659217992336
28,27.906607941039102
52,51.953104982188094
25,26.281750135444394
43,42.605265262826244
67,66.14416080734586
18,18.712652390371723
12,11.381575021424453
61,59.92061176837027
19,17.092098587767303
11,12.679380667738272
32,31.52734503900563
87,66.37857716103728
39,37.60860482368858
10,10.338913782406753
9,8.499189478475195
11,11.770679510661326
35,35.81614757626043
23,23.87693842068094
36,37.49832573310713
40,40.40870515802992
43,39.73170010828743
5,4.651899675608032
9,8.495330065286577
21,17.827074067031997
24,23.906148455636078
15,19.037075351943837
19,17.590928232277196
33,33.818612263554506
32,38.631071548582675
16,16.513110683525248
20,21.390776450418045
32,32.45362021597909
48,50.969128531913476
30,30.79592243382827
58,57.534844861245176
12,13.552578616877389
15,17.827074067031997
25,29.734341508305373
41,39.43234566553245
21,22.647829715345544
6,6.0056072492345915
18,16.476881294597426
37,39.15292501418646
28,31.40931979840517
29,34.659265197392855
10,10.31529619083294
17,19.26622408273051
38,37.41064552717738
49,49.873359719493536
37,34.05888924848775
31,20.613718019890577
44,43.179555417790894
19,23.49957716022421
53,57.534844861245176
41,36.932969253834635
2,2.835517684899717
55,52.809591784086685
7,5.197779854195249
6,6.07447132158318
19,18.980656172257806
28,17.947812221710315
7,8.495330065286577
8,8.262641955922515
27,29.342285097740433
64,60.55764628726566
35,36.82950666239671
42,45.58652939203154
15,13.634764175056622
23,22.875464390843735
9,9.326721237313661
3,4.49698624349182
9,8.122201155652178
10,9.980332687936068
46,41.49273397605547
3,3.7976478997031693
31,28.97654871919654
24,25.874776443786015
40,38.88599919033624
14,14.952300175208503
48,43.59712236697939
24,36.747659217992336
21,17.017509371210316
27,25.871500385797333
58,49.68727163669125
85,66.37857716103728
26,27.030355753567925
47,50.50665561240089
38,42.25128542045162
17,17.947812221710315
17,16.210569082795068
20,21.566556868504968
30,25.614854656611147
7,8.394344022985267
16,13.776394125777141
64,60.801003409035374
29,25.499258587106773
41,40.83142257022372
9,8.431202385511728
2,2.407431257152294
5,4.651899675608032
10,8.16973154796518
20,21.680979791939414
65,59.63815787492765
12,11.458513445110773
46,43.322689714996734
24,24.20722875226292
27,35.4739778409584
25,23.67848187706193
20,20.339693264028444
30,30.845329093116355
7,4.203313261028417
14,12.483031865396786
4,4.469640948084706
36,33.58502350150185
60,53.74849101617325
73,62.61872291129562
16,16.31905095654885
35,36.894377559597324
64,66.07329075835335
8,8.436691894809616
25,24.47243497197261
70,62.19768248224899
38,39.820024084074035
28,28.844243871275342
14,13.50793882450937
39,50.60112021564729
41,40.00212932411087
29,35.35780917324561
39,49.715263604562736
40,33.24848603416647
2,4.49698624349182
23,26.310659700851154
45,43.406109905670846
35,38.631071548582675
21,18.712652390371723
60,53.74849101617325
33,33.85277440123567
6,7.552129897893815
8,8.486974324179405
21,21.713877827543932
7,4.49698624349182
17,17.087055124112005
58,59.031599597061565
22,22.875464390843735
9,9.667130969447964
29,31.070271435054302
43,43.25155411428212
40,41.44515446409116
25,23.79801187609662
9,8.431202385511728
25,22.77632972632985
26,25.722523134596013
7,5.9903025394993525
2,3.525012877647535
17,17.502175312440244
10,10.380229323954481
38,34.905363101213325
13,12.615964864416362
30,32.50233549461983
38,50.60112021564729
44,66.37857716103728
59,51.17376228874099
29,29.257191636848553
30,30.833332624533625
39,37.60860482368858
44,43.40746225670595
9,7.705304044557616
12,12.615964864416362
28,24.69031331959524
38,38.88599919033624
17,18.619547418901156
30,29.71025470680586
59,60.225571339110786
29,29.35314069738352
13,13.182605339447246
27,30.392864141824862
92,66.14416080734586
20,18.930172107653853
6,6.0056072492345915
38,22.109765244305642
21,25.052375508879216
16,15.734670363150391
8,8.495330065286577
13,13.552486929032767
26,26.592070953178023
10,10.328231124134499
1,3.427902872905951
10,10.380229323954481
31,30.906873854964566
10,10.87394772896481
69,58.497270896500844
40,33.86016210164045
20,22.77632972632985
26,28.193749844011695
23,23.48388028722378
33,34.05888924848775
29,38.82275938724201
38,49.68727163669125
3,3.5728439481646754
7,8.262641955922515
32,34.95469938968031
1,3.4292502676700636
43,40.13207184210087
42,41.23663165091654
36,41.120677755524575
45,44.275726060387534
39,42.6888839277459
26,26.310659700851154
29,30.392864141824862
14,15.734670363150391
11,6.0056072492345915
37,47.86086298629443
15,15.31510206214054
25,25.508619399453384
45,38.79030261805964
40,28.271425614626008
5,4.651899675608032
26,25.365372091177576
14,10.987554827964068
34,34.05888924848775
47,32.5397927561983
6,6.07447132158318
11,11.881424793945543
38,42.42424489139177
9,8.495330065286577
64,62.38158195780811
75,60.801003409035374
39,36.619559994677246
15,15.171230399252774
15,13.844035635051224
8,7.552129897893815
17,17.827074067031997
29,28.71819077033748
43,45.446708013793206
8,7.705304044557616
19,19.054419445344852
15,15.84445457055875
34,31.63822932354027
21,19.111340408735607
25,25.70892220060993
5,5.013716271747187
67,66.39306002186075
3,4.130080454754446
10,9.779717047828743
13,12.545546308829781
38,42.80899712542618
4,5.197779854195249
7,8.16973154796518
53,53.62511980928067
39,32.45362021597909
33,29.990170424852153
11,10.943572166227039
5,4.651899675608032
56,59.88848140567677
20,15.831280403207979
47,45.85442019704108
11,12.168417382444124
16,17.827074067031997
11,10.602670762887783
25,25.88100686299908
23,23.84954465134222
12,11.9995256443055
29,26.389418613429264
34,34.659265197392855
6,6.07447132158318
35,32.691142233738205
21,18.661599919105715
35,24.26759042148827
